 0 0 3 2
 0.0171499 0.00857787 2.99485 1.99855
 0.033616 0.0168193 2.98992 1.99444
 0.0485216 0.0242844 2.98544 1.98842
 0.0617794 0.0309279 2.98147 1.98122
 0.0736406 0.0368745 2.97791 1.97332
 0.084383 0.0422627 2.97469 1.96497
 0.0942309 0.0472042 2.97173 1.95631
 0.103353 0.0517835 2.96899 1.94745
 0.111877 0.0560637 2.96644 1.93842
 0.119899 0.0600931 2.96403 1.92927
 0.127492 0.0639085 2.96175 1.92003
 0.134716 0.0675393 2.95959 1.91071
 0.141616 0.0710088 2.95752 1.90133
 0.148232 0.0743359 2.95553 1.89189
 0.154594 0.0775362 2.95362 1.88241
 0.160729 0.0806229 2.95178 1.8729
 0.166658 0.0836069 2.95 1.86335
 0.172401 0.0864975 2.94828 1.85377
 0.177972 0.0893028 2.94661 1.84416
 0.183387 0.0920299 2.94498 1.83454
 0.188658 0.0946847 2.9434 1.82489
 0.193794 0.0972727 2.94186 1.81522
 0.198807 0.0997986 2.94036 1.80554
 0.203703 0.102267 2.93889 1.79584
 0.208491 0.10468 2.93745 1.78613
 0.213178 0.107043 2.93605 1.77641
 0.217769 0.109359 2.93467 1.76668
 0.22227 0.111629 2.93332 1.75693
 0.226686 0.113857 2.93199 1.74718
 0.231021 0.116044 2.93069 1.73742
 0.23528 0.118194 2.92942 1.72764
 0.239467 0.120307 2.92816 1.71786
 0.243585 0.122386 2.92692 1.70808
 0.247637 0.124432 2.92571 1.69828
 0.251627 0.126447 2.92451 1.68848
 0.255557 0.128431 2.92333 1.67868
 0.259429 0.130388 2.92217 1.66887
 0.263247 0.132316 2.92103 1.65905
 0.267011 0.134219 2.9199 1.64923
 0.270726 0.136096 2.91878 1.6394
 0.274391 0.137949 2.91768 1.62957
 0.27801 0.139778 2.9166 1.61973
 0.281584 0.141585 2.91552 1.6099
 0.285115 0.14337 2.91447 1.60005
 0.288603 0.145135 2.91342 1.5902
 0.292051 0.146879 2.91238 1.58035
 0.29546 0.148603 2.91136 1.5705
 0.298832 0.150309 2.91035 1.56064
 0.302166 0.151996 2.90935 1.55078
 0.305466 0.153666 2.90836 1.54092
 0.308731 0.155318 2.90738 1.53105
 0.311962 0.156954 2.90641 1.52118
 0.315162 0.158574 2.90545 1.51131
 0.31833 0.160178 2.9045 1.50144
 0.321467 0.161767 2.90356 1.49156
 0.324575 0.163341 2.90263 1.48168
 0.327654 0.164901 2.9017 1.4718
 0.330706 0.166446 2.90079 1.46192
 0.33373 0.167979 2.89988 1.45203
 0.336727 0.169497 2.89898 1.44215
 0.339698 0.171003 2.89809 1.43226
 0.342645 0.172496 2.89721 1.42237
 0.345566 0.173977 2.89633 1.41247
 0.348464 0.175446 2.89546 1.40258
 0.351338 0.176904 2.8946 1.39268
 0.35419 0.178349 2.89374 1.38278
 0.357019 0.179784 2.89289 1.37288
 0.359826 0.181208 2.89205 1.36298
 0.362612 0.182621 2.89122 1.35308
 0.365377 0.184024 2.89039 1.34318
 0.368122 0.185416 2.88956 1.33327
 0.370847 0.186799 2.88875 1.32336
 0.373552 0.188172 2.88793 1.31346
 0.376238 0.189535 2.88713 1.30355
 0.378906 0.190889 2.88633 1.29364
 0.381555 0.192233 2.88553 1.28373
 0.384186 0.193569 2.88474 1.27381
 0.3868 0.194896 2.88396 1.2639
 0.389396 0.196214 2.88318 1.25398
 0.391976 0.197524 2.88241 1.24407
 0.394539 0.198826 2.88164 1.23415
 0.397085 0.200119 2.88087 1.22423
 0.399616 0.201405 2.88012 1.21431
 0.402131 0.202682 2.87936 1.20439
 0.40463 0.203952 2.87861 1.19447
 0.407115 0.205215 2.87787 1.18455
 0.409584 0.20647 2.87712 1.17462
 0.412039 0.207717 2.87639 1.1647
 0.41448 0.208958 2.87566 1.15477
 0.416907 0.210191 2.87493 1.14485
 0.41932 0.211418 2.8742 1.13492
 0.421719 0.212638 2.87348 1.12499
 0.424104 0.213851 2.87277 1.11507
 0.426477 0.215057 2.87206 1.10514
 0.428837 0.216257 2.87135 1.09521
 0.431184 0.217451 2.87064 1.08528
 0.433518 0.218638 2.86994 1.07535
 0.43584 0.21982 2.86925 1.06541
 0.43815 0.220995 2.86856 1.05548
 0.440448 0.222164 2.86787 1.04555
 0.442734 0.223327 2.86718 1.03561
 0.445009 0.224485 2.8665 1.02568
 0.447272 0.225637 2.86582 1.01574
 0.449524 0.226783 2.86514 1.00581
 0.451765 0.227923 2.86447 0.99587
 0.453995 0.229059 2.8638 0.985933
 0.456214 0.230188 2.86314 0.975995
 0.458422 0.231313 2.86247 0.966056
 0.460621 0.232432 2.86181 0.956117
 0.462808 0.233546 2.86116 0.946178
 0.464986 0.234655 2.8605 0.936237
 0.467153 0.235759 2.85985 0.926297
 0.469311 0.236858 2.85921 0.916356
 0.471459 0.237952 2.85856 0.906414
 0.473597 0.239042 2.85792 0.896472
 0.475726 0.240126 2.85728 0.886529
 0.477845 0.241206 2.85665 0.876585
 0.479956 0.242281 2.85601 0.866642
 0.482057 0.243352 2.85538 0.856697
 0.484149 0.244418 2.85476 0.846753
 0.486232 0.24548 2.85413 0.836808
 0.488306 0.246537 2.85351 0.826862
 0.490371 0.24759 2.85289 0.816916
 0.492429 0.248639 2.85227 0.80697
 0.494477 0.249684 2.85166 0.797023
 0.496517 0.250724 2.85104 0.787075
 0.498549 0.25176 2.85044 0.777128
 0.500573 0.252792 2.84983 0.767179
 0.502589 0.25382 2.84922 0.757231
 0.504596 0.254844 2.84862 0.747282
 0.506596 0.255865 2.84802 0.737332
 0.508588 0.256881 2.84742 0.727383
 0.510573 0.257893 2.84683 0.717432
 0.512549 0.258902 2.84624 0.707482
 0.514519 0.259907 2.84564 0.697531
 0.516481 0.260908 2.84506 0.68758
 0.518435 0.261905 2.84447 0.677628
 0.520382 0.262899 2.84389 0.667676
 0.522322 0.263889 2.8433 0.657724
 0.524255 0.264876 2.84272 0.647771
 0.526181 0.265859 2.84215 0.637818
 0.5281 0.266839 2.84157 0.627865
 0.530012 0.267815 2.841 0.617911
 0.531917 0.268788 2.84043 0.607957
 0.533815 0.269757 2.83986 0.598003
 0.535707 0.270723 2.83929 0.588048
 0.537592 0.271686 2.83872 0.578093
 0.539471 0.272646 2.83816 0.568138
 0.541343 0.273602 2.8376 0.558182
 0.543209 0.274555 2.83704 0.548226
 0.545068 0.275505 2.83648 0.53827
 0.546922 0.276452 2.83592 0.528314
 0.548769 0.277396 2.83537 0.518357
 0.550609 0.278336 2.83482 0.5084
 0.552444 0.279274 2.83427 0.498443
 0.554273 0.280209 2.83372 0.488485
 0.556096 0.28114 2.83317 0.478527
 0.557913 0.282069 2.83263 0.468569
 0.559724 0.282995 2.83208 0.458611
 0.561529 0.283918 2.83154 0.448652
 0.563328 0.284838 2.831 0.438693
 0.565122 0.285755 2.83046 0.428734
 0.56691 0.286669 2.82993 0.418775
 0.568693 0.287581 2.82939 0.408815
 0.57047 0.288489 2.82886 0.398855
 0.572241 0.289395 2.82833 0.388895
 0.574008 0.290299 2.8278 0.378935
 0.575768 0.291199 2.82727 0.368974
 0.577524 0.292097 2.82674 0.359013
 0.579274 0.292993 2.82622 0.349052
 0.581019 0.293885 2.82569 0.339091
 0.582759 0.294775 2.82517 0.32913
 0.584493 0.295663 2.82465 0.319168
 0.586223 0.296548 2.82413 0.309206
 0.587947 0.297431 2.82362 0.299244
 0.589667 0.29831 2.8231 0.289282
 0.591381 0.299188 2.82259 0.279319
 0.593091 0.300063 2.82207 0.269356
 0.594796 0.300936 2.82156 0.259393
 0.596496 0.301806 2.82105 0.24943
 0.598191 0.302674 2.82054 0.239467
 0.599881 0.303539 2.82004 0.229503
 0.601567 0.304402 2.81953 0.219539
 0.603247 0.305263 2.81903 0.209575
 0.604924 0.306121 2.81852 0.199611
 0.606595 0.306977 2.81802 0.189646
 0.608263 0.307831 2.81752 0.179682
 0.609925 0.308683 2.81702 0.169717
 0.611583 0.309532 2.81652 0.159752
 0.613237 0.310379 2.81603 0.149787
 0.614886 0.311224 2.81553 0.139821
 0.616531 0.312067 2.81504 0.129856
 0.618172 0.312907 2.81455 0.11989
 0.619808 0.313746 2.81406 0.109924
 0.62144 0.314582 2.81357 0.0999581
 0.623067 0.315416 2.81308 0.0899918
 0.624691 0.316248 2.81259 0.0800255
 0.62631 0.317078 2.81211 0.070059
 0.627925 0.317906 2.81162 0.0600924
 0.629536 0.318731 2.81114 0.0501257
 0.631143 0.319555 2.81066 0.0401585
 0.632746 0.320377 2.81018 0.0301912
 0.634345 0.321196 2.8097 0.020224
 0.63594 0.322014 2.80922 0.0102565
 0.637531 0.32283 2.80874 0.000288731
 0.639118 0.323644 2.80826 0
 0.640701 0.324455 2.80779 0.00894772
 0.642463 0.325359 2.80726 0.0188775
 0.64423 0.326265 2.80673 0.0288068
 0.646003 0.327174 2.8062 0.0387357
 0.647781 0.328087 2.80567 0.0486642
 0.649564 0.329002 2.80513 0.0585921
 0.651354 0.329919 2.80459 0.0685198
 0.653149 0.33084 2.80406 0.0784469
 0.654949 0.331764 2.80352 0.0883734
 0.656755 0.332691 2.80297 0.0982995
 0.658567 0.333621 2.80243 0.108225
 0.660385 0.334554 2.80188 0.11815
 0.662209 0.33549 2.80134 0.128075
 0.664039 0.336429 2.80079 0.137999
 0.665875 0.337371 2.80024 0.147923
 0.667716 0.338317 2.79969 0.157846
 0.669564 0.339265 2.79913 0.167769
 0.671419 0.340217 2.79857 0.177691
 0.673279 0.341173 2.79802 0.187612
 0.675146 0.342131 2.79746 0.197533
 0.677019 0.343093 2.79689 0.207453
 0.678898 0.344058 2.79633 0.217373
 0.680784 0.345027 2.79576 0.227293
 0.682677 0.345999 2.7952 0.237212
 0.684576 0.346975 2.79463 0.24713
 0.686482 0.347954 2.79406 0.257048
 0.688395 0.348936 2.79348 0.266965
 0.690315 0.349923 2.79291 0.276881
 0.692241 0.350913 2.79233 0.286797
 0.694175 0.351906 2.79175 0.296712
 0.696116 0.352904 2.79117 0.306627
 0.698064 0.353905 2.79058 0.316541
 0.700019 0.35491 2.78999 0.326454
 0.701981 0.355918 2.78941 0.336367
 0.703951 0.356931 2.78881 0.346279
 0.705929 0.357948 2.78822 0.35619
 0.707914 0.358968 2.78763 0.366101
 0.709906 0.359993 2.78703 0.376011
 0.711907 0.361021 2.78643 0.38592
 0.713915 0.362054 2.78583 0.395828
 0.715931 0.363091 2.78522 0.405736
 0.717955 0.364132 2.78461 0.415643
 0.719988 0.365178 2.784 0.425549
 0.722028 0.366227 2.78339 0.435455
 0.724077 0.367281 2.78278 0.445359
 0.726134 0.36834 2.78216 0.455263
 0.7282 0.369403 2.78154 0.465166
 0.730275 0.37047 2.78092 0.475068
 0.732358 0.371543 2.78029 0.48497
 0.73445 0.372619 2.77966 0.49487
 0.736551 0.373701 2.77903 0.50477
 0.738661 0.374787 2.7784 0.514668
 0.740781 0.375878 2.77777 0.524566
 0.74291 0.376974 2.77713 0.534463
 0.745048 0.378075 2.77649 0.544359
 0.747196 0.379181 2.77584 0.554254
 0.749353 0.380292 2.77519 0.564148
 0.75152 0.381408 2.77454 0.574042
 0.753698 0.382529 2.77389 0.583934
 0.755885 0.383656 2.77323 0.593825
 0.758083 0.384788 2.77258 0.603715
 0.760291 0.385926 2.77191 0.613604
 0.76251 0.387069 2.77125 0.623491
 0.764739 0.388218 2.77058 0.633378
 0.766979 0.389372 2.76991 0.643264
 0.76923 0.390532 2.76923 0.653149
 0.771493 0.391698 2.76855 0.663032
 0.773766 0.39287 2.76787 0.672914
 0.776052 0.394048 2.76718 0.682795
 0.778349 0.395233 2.7665 0.692675
 0.780657 0.396423 2.7658 0.702553
 0.782978 0.39762 2.76511 0.71243
 0.785311 0.398823 2.76441 0.722306
 0.787657 0.400032 2.7637 0.732181
 0.790015 0.401249 2.763 0.742054
 0.792386 0.402472 2.76228 0.751926
 0.79477 0.403702 2.76157 0.761796
 0.797167 0.404938 2.76085 0.771665
 0.799578 0.406182 2.76013 0.781532
 0.802003 0.407433 2.7594 0.791398
 0.804441 0.408692 2.75867 0.801262
 0.806894 0.409958 2.75793 0.811125
 0.809361 0.411231 2.75719 0.820986
 0.811843 0.412512 2.75645 0.830845
 0.814339 0.413801 2.7557 0.840703
 0.816851 0.415098 2.75494 0.850558
 0.819379 0.416403 2.75419 0.860413
 0.821922 0.417717 2.75342 0.870265
 0.824482 0.419039 2.75266 0.880115
 0.827058 0.420369 2.75188 0.889963
 0.82965 0.421708 2.75111 0.89981
 0.83226 0.423056 2.75032 0.909654
 0.834887 0.424414 2.74953 0.919496
 0.837531 0.42578 2.74874 0.929336
 0.840194 0.427156 2.74794 0.939174
 0.842875 0.428542 2.74714 0.949009
 0.845575 0.429938 2.74633 0.958842
 0.848295 0.431343 2.74551 0.968673
 0.851034 0.432759 2.74469 0.978501
 0.853793 0.434186 2.74386 0.988327
 0.856572 0.435623 2.74303 0.99815
 0.859373 0.437072 2.74219 1.00797
 0.862195 0.438531 2.74134 1.01779
 0.865039 0.440002 2.74049 1.0276
 0.867906 0.441485 2.73963 1.03741
 0.870795 0.44298 2.73876 1.04722
 0.873708 0.444488 2.73789 1.05703
 0.876645 0.446008 2.73701 1.06683
 0.879607 0.447541 2.73612 1.07663
 0.882595 0.449087 2.73522 1.08642
 0.885608 0.450647 2.73432 1.09621
 0.888648 0.452221 2.73341 1.106
 0.891715 0.453809 2.73249 1.11579
 0.894811 0.455412 2.73156 1.12557
 0.897936 0.457031 2.73062 1.13534
 0.90109 0.458665 2.72967 1.14511
 0.904275 0.460315 2.72872 1.15488
 0.907491 0.461981 2.72775 1.16464
 0.91074 0.463664 2.72678 1.1744
 0.914022 0.465365 2.72579 1.18415
 0.917339 0.467085 2.7248 1.1939
 0.920691 0.468822 2.72379 1.20364
 0.92408 0.470579 2.72278 1.21337
 0.927507 0.472356 2.72175 1.2231
 0.930973 0.474154 2.72071 1.23283
 0.934479 0.475972 2.71966 1.24254
 0.938028 0.477813 2.71859 1.25225
 0.94162 0.479676 2.71751 1.26195
 0.945257 0.481564 2.71642 1.27165
 0.948941 0.483475 2.71532 1.28133
 0.952673 0.485412 2.7142 1.29101
 0.956456 0.487376 2.71306 1.30068
 0.960291 0.489367 2.71191 1.31034
 0.964181 0.491387 2.71075 1.31999
 0.968129 0.493437 2.70956 1.32963
 0.972135 0.495518 2.70836 1.33926
 0.976205 0.497632 2.70714 1.34887
 0.980339 0.49978 2.7059 1.35848
 0.984542 0.501964 2.70464 1.36807
 0.988817 0.504186 2.70335 1.37764
 0.993167 0.506447 2.70205 1.3872
 0.997597 0.50875 2.70072 1.39675
 1.00211 0.511098 2.69937 1.40627
 1.00671 0.513491 2.69799 1.41578
 1.01141 0.515934 2.69658 1.42526
 1.01621 0.51843 2.69514 1.43473
 1.02111 0.520981 2.69367 1.44417
 1.02612 0.523591 2.69216 1.45358
 1.03126 0.526265 2.69062 1.46296
 1.03653 0.529007 2.68904 1.47231
 1.04193 0.531822 2.68742 1.48162
 1.04749 0.534716 2.68575 1.4909
 1.05321 0.537696 2.68404 1.50013
 1.05911 0.54077 2.68227 1.5093
 1.0652 0.543945 2.68044 1.51843
 1.0715 0.547233 2.67855 1.52748
 1.07805 0.550644 2.67659 1.53647
 1.08485 0.554193 2.67455 1.54536
 1.09195 0.557896 2.67242 1.55416
 1.09937 0.561773 2.67019 1.56283
 1.10718 0.565848 2.66785 1.57136
 1.11541 0.570149 2.66538 1.57971
 1.12415 0.574713 2.66275 1.58784
 1.13348 0.579585 2.65996 1.59568
 1.14349 0.584823 2.65695 1.60316
 1.15435 0.590499 2.6537 1.61014
 1.1662 0.596699 2.65014 1.61645
 1.17924 0.603525 2.64623 1.62178
 1.19362 0.611058 2.64191 1.62573
 1.20932 0.619283 2.6372 1.62772
 1.22582 0.627936 2.63225 1.62719
 1.24209 0.636471 2.62737 1.62405
 1.25716 0.644385 2.62285 1.61881
 1.27073 0.65151 2.61878 1.61219
 1.28291 0.657911 2.61513 1.6047
 1.29394 0.663711 2.61182 1.59666
 1.30404 0.669024 2.60879 1.58824
 1.31338 0.673939 2.60599 1.57957
 1.32209 0.678525 2.60337 1.5707
 1.33028 0.682836 2.60092 1.56169
 1.33802 0.686913 2.59859 1.55256
 1.34537 0.690787 2.59639 1.54334
 1.35239 0.694485 2.59428 1.53405
 1.35911 0.698028 2.59227 1.5247
 1.36557 0.701433 2.59033 1.51529
 1.37179 0.704715 2.58846 1.50584
 1.3778 0.707885 2.58666 1.49635
 1.38362 0.710953 2.58491 1.48683
 1.38926 0.71393 2.58322 1.47728
 1.39474 0.716822 2.58158 1.4677
 1.40007 0.719636 2.57998 1.4581
 1.40526 0.722377 2.57842 1.44847
 1.41032 0.725052 2.5769 1.43883
 1.41527 0.727665 2.57542 1.42917
 1.4201 0.730219 2.57397 1.4195
 1.42483 0.732719 2.57255 1.40981
 1.42947 0.735167 2.57116 1.40011
 1.43401 0.737567 2.5698 1.3904
 1.43846 0.739922 2.56846 1.38067
 1.44283 0.742233 2.56715 1.37094
 1.44712 0.744504 2.56586 1.3612
 1.45134 0.746736 2.5646 1.35144
 1.45549 0.748931 2.56335 1.34168
 1.45957 0.751091 2.56213 1.33191
 1.46359 0.753217 2.56092 1.32214
 1.46755 0.755312 2.55974 1.31235
 1.47145 0.757376 2.55857 1.30256
 1.47529 0.75941 2.55741 1.29277
 1.47908 0.761417 2.55628 1.28297
 1.48282 0.763397 2.55515 1.27316
 1.48651 0.76535 2.55405 1.26335
 1.49015 0.767279 2.55296 1.25353
 1.49374 0.769184 2.55188 1.24371
 1.49729 0.771066 2.55081 1.23389
 1.5008 0.772925 2.54976 1.22406
 1.50427 0.774763 2.54872 1.21422
 1.5077 0.77658 2.54769 1.20439
 1.51109 0.778377 2.54667 1.19454
 1.51444 0.780155 2.54567 1.1847
 1.51776 0.781913 2.54467 1.17485
 1.52104 0.783654 2.54369 1.165
 1.52428 0.785377 2.54271 1.15515
 1.5275 0.787082 2.54175 1.14529
 1.53068 0.788772 2.5408 1.13543
 1.53384 0.790444 2.53985 1.12557
 1.53696 0.792102 2.53891 1.1157
 1.54005 0.793743 2.53798 1.10583
 1.54312 0.79537 2.53707 1.09596
 1.54615 0.796983 2.53615 1.08609
 1.54916 0.798581 2.53525 1.07622
 1.55215 0.800166 2.53436 1.06634
 1.55511 0.801738 2.53347 1.05646
 1.55804 0.803296 2.53259 1.04658
 1.56095 0.804841 2.53171 1.0367
 1.56384 0.806375 2.53085 1.02681
 1.5667 0.807896 2.52999 1.01693
 1.56954 0.809405 2.52914 1.00704
 1.57236 0.810903 2.52829 0.997148
 1.57516 0.812389 2.52745 0.987256
 1.57793 0.813865 2.52662 0.977363
 1.58069 0.815329 2.52579 0.967468
 1.58342 0.816783 2.52497 0.957571
 1.58614 0.818227 2.52416 0.947673
 1.58883 0.81966 2.52335 0.937774
 1.59151 0.821084 2.52255 0.927873
 1.59417 0.822498 2.52175 0.917971
 1.59681 0.823903 2.52096 0.908068
 1.59943 0.825298 2.52017 0.898163
 1.60204 0.826684 2.51939 0.888257
 1.60463 0.828061 2.51861 0.87835
 1.6072 0.829429 2.51784 0.868441
 1.60975 0.830789 2.51707 0.858532
 1.61229 0.83214 2.51631 0.848621
 1.61481 0.833483 2.51556 0.838709
 1.61732 0.834818 2.5148 0.828797
 1.61981 0.836145 2.51406 0.818883
 1.62229 0.837464 2.51331 0.808968
 1.62475 0.838775 2.51257 0.799052
 1.6272 0.840079 2.51184 0.789135
 1.62964 0.841375 2.51111 0.779217
 1.63206 0.842664 2.51038 0.769298
 1.63446 0.843946 2.50966 0.759378
 1.63686 0.845221 2.50894 0.749458
 1.63923 0.846488 2.50823 0.739537
 1.6416 0.847749 2.50752 0.729614
 1.64395 0.849003 2.50681 0.719691
 1.6463 0.850251 2.50611 0.709767
 1.64862 0.851492 2.50541 0.699843
 1.65094 0.852727 2.50472 0.689917
 1.65325 0.853955 2.50403 0.67999
 1.65554 0.855177 2.50334 0.670064
 1.65782 0.856393 2.50265 0.660135
 1.66009 0.857603 2.50197 0.650207
 1.66235 0.858807 2.5013 0.640278
 1.66459 0.860005 2.50062 0.630348
 1.66683 0.861197 2.49995 0.620418
 1.66905 0.862384 2.49928 0.610487
 1.67127 0.863565 2.49862 0.600554
 1.67347 0.864741 2.49796 0.590622
 1.67566 0.865911 2.4973 0.580689
 1.67785 0.867076 2.49665 0.570755
 1.68002 0.868235 2.49599 0.560821
 1.68218 0.869389 2.49534 0.550886
 1.68434 0.870538 2.4947 0.540951
 1.68648 0.871682 2.49406 0.531014
 1.68861 0.872821 2.49342 0.521078
 1.69074 0.873955 2.49278 0.51114
 1.69285 0.875085 2.49214 0.501203
 1.69496 0.876209 2.49151 0.491265
 1.69706 0.877328 2.49088 0.481326
 1.69914 0.878443 2.49026 0.471386
 1.70122 0.879554 2.48963 0.461447
 1.70329 0.880659 2.48901 0.451506
 1.70536 0.88176 2.48839 0.441566
 1.70741 0.882857 2.48778 0.431624
 1.70945 0.883949 2.48716 0.421682
 1.71149 0.885037 2.48655 0.41174
 1.71352 0.886121 2.48594 0.401798
 1.71554 0.8872 2.48534 0.391854
 1.71755 0.888275 2.48473 0.38191
 1.71956 0.889346 2.48413 0.371966
 1.72155 0.890413 2.48353 0.362022
 1.72354 0.891476 2.48294 0.352077
 1.72552 0.892535 2.48234 0.342132
 1.72749 0.89359 2.48175 0.332186
 1.72946 0.894641 2.48116 0.322239
 1.73142 0.895688 2.48057 0.312294
 1.73337 0.896731 2.47999 0.302347
 1.73531 0.89777 2.47941 0.292399
 1.73725 0.898806 2.47882 0.282452
 1.73918 0.899838 2.47825 0.272504
 1.7411 0.900866 2.47767 0.262555
 1.74302 0.901891 2.47709 0.252607
 1.74493 0.902912 2.47652 0.242658
 1.74683 0.903929 2.47595 0.232708
 1.74873 0.904943 2.47538 0.222758
 1.75061 0.905954 2.47482 0.212807
 1.7525 0.906961 2.47425 0.202857
 1.75437 0.907965 2.47369 0.192907
 1.75624 0.908965 2.47313 0.182955
 1.75811 0.909962 2.47257 0.173004
 1.75996 0.910956 2.47201 0.163052
 1.76181 0.911946 2.47146 0.1531
 1.76366 0.912933 2.4709 0.143148
 1.76549 0.913917 2.47035 0.133195
 1.76733 0.914898 2.4698 0.123241
 1.76915 0.915876 2.46925 0.113288
 1.77097 0.91685 2.46871 0.103334
 1.77279 0.917822 2.46816 0.0933794
 1.7746 0.91879 2.46762 0.0834256
 1.7764 0.919755 2.46708 0.0734713
 1.7782 0.920718 2.46654 0.0635168
 1.77999 0.921677 2.466 0.0535609
 1.78177 0.922634 2.46547 0.0436055
 1.78355 0.923587 2.46493 0.0336507
 1.78533 0.924538 2.4644 0.0236943
 1.7871 0.925486 2.46387 0.013739
 1.78886 0.926431 2.46334 0.00378269
 1.79062 0.927373 2.46281 0
 1.79237 0.928312 2.46229 0.00884322
 1.79434 0.929369 2.4617 0.0187507
 1.79632 0.930429 2.4611 0.0286574
 1.79831 0.931494 2.46051 0.038563
 1.8003 0.932563 2.45991 0.0484682
 1.80231 0.933636 2.45931 0.0583725
 1.80431 0.934713 2.45871 0.0682761
 1.80633 0.935795 2.4581 0.078179
 1.80836 0.936881 2.45749 0.0880808
 1.81039 0.937971 2.45688 0.0979823
 1.81243 0.939066 2.45627 0.107883
 1.81448 0.940166 2.45565 0.117782
 1.81654 0.94127 2.45504 0.127681
 1.81861 0.942379 2.45442 0.13758
 1.82069 0.943493 2.45379 0.147477
 1.82277 0.944611 2.45317 0.157373
 1.82487 0.945735 2.45254 0.167268
 1.82697 0.946863 2.45191 0.177163
 1.82908 0.947996 2.45128 0.187056
 1.8312 0.949134 2.45064 0.196948
 1.83333 0.950278 2.45 0.20684
 1.83547 0.951426 2.44936 0.21673
 1.83762 0.95258 2.44871 0.22662
 1.83978 0.953739 2.44807 0.236508
 1.84195 0.954903 2.44741 0.246396
 1.84413 0.956073 2.44676 0.256282
 1.84632 0.957249 2.4461 0.266167
 1.84852 0.95843 2.44544 0.276052
 1.85073 0.959616 2.44478 0.285935
 1.85295 0.960809 2.44412 0.295817
 1.85518 0.962007 2.44345 0.305697
 1.85742 0.963212 2.44277 0.315577
 1.85968 0.964422 2.4421 0.325456
 1.86194 0.965638 2.44142 0.335333
 1.86422 0.966861 2.44074 0.345209
 1.8665 0.96809 2.44005 0.355083
 1.8688 0.969325 2.43936 0.364957
 1.87111 0.970567 2.43867 0.374829
 1.87344 0.971816 2.43797 0.3847
 1.87577 0.973071 2.43727 0.394569
 1.87812 0.974333 2.43656 0.404437
 1.88048 0.975602 2.43586 0.414303
 1.88285 0.976878 2.43514 0.424168
 1.88524 0.978161 2.43443 0.434032
 1.88764 0.979451 2.43371 0.443894
 1.89005 0.980749 2.43298 0.453754
 1.89248 0.982054 2.43226 0.463613
 1.89492 0.983367 2.43152 0.47347
 1.89737 0.984688 2.43079 0.483325
 1.89984 0.986016 2.43005 0.493179
 1.90233 0.987353 2.4293 0.503031
 1.90483 0.988698 2.42855 0.512881
 1.90734 0.990051 2.4278 0.522729
 1.90987 0.991413 2.42704 0.532576
 1.91242 0.992783 2.42627 0.54242
 1.91498 0.994162 2.42551 0.552262
 1.91756 0.99555 2.42473 0.562102
 1.92015 0.996947 2.42395 0.57194
 1.92277 0.998354 2.42317 0.581776
 1.9254 0.99977 2.42238 0.59161
 1.92804 1.0012 2.42159 0.601441
 1.93071 1.00263 2.42079 0.61127
 1.93339 1.00408 2.41998 0.621097
 1.9361 1.00553 2.41917 0.630921
 1.93882 1.007 2.41835 0.640743
 1.94156 1.00848 2.41753 0.650562
 1.94432 1.00997 2.4167 0.660378
 1.94711 1.01147 2.41587 0.670192
 1.94991 1.01298 2.41503 0.680002
 1.95274 1.0145 2.41418 0.68981
 1.95558 1.01603 2.41333 0.699614
 1.95845 1.01758 2.41246 0.709416
 1.96135 1.01914 2.4116 0.719214
 1.96426 1.02071 2.41072 0.729009
 1.9672 1.0223 2.40984 0.7388
 1.97017 1.0239 2.40895 0.748588
 1.97316 1.02551 2.40805 0.758372
 1.97618 1.02714 2.40715 0.768152
 1.97922 1.02878 2.40623 0.777929
 1.98229 1.03044 2.40531 0.787701
 1.98539 1.03211 2.40438 0.797469
 1.98852 1.0338 2.40344 0.807232
 1.99168 1.03551 2.4025 0.816991
 1.99487 1.03723 2.40154 0.826745
 1.99809 1.03897 2.40057 0.836494
 2.00134 1.04072 2.3996 0.846238
 2.00463 1.0425 2.39861 0.855977
 2.00795 1.04429 2.39761 0.86571
 2.01131 1.04611 2.39661 0.875437
 2.0147 1.04794 2.39559 0.885158
 2.01813 1.04979 2.39456 0.894872
 2.0216 1.05167 2.39352 0.90458
 2.02512 1.05357 2.39247 0.914281
 2.02867 1.05549 2.3914 0.923975
 2.03227 1.05743 2.39032 0.93366
 2.03591 1.0594 2.38923 0.943338
 2.0396 1.0614 2.38812 0.953007
 2.04334 1.06342 2.387 0.962668
 2.04713 1.06547 2.38586 0.972319
 2.05097 1.06755 2.38471 0.98196
 2.05486 1.06966 2.38354 0.99159
 2.05882 1.0718 2.38235 1.00121
 2.06283 1.07397 2.38115 1.01082
 2.06691 1.07617 2.37993 1.02041
 2.07105 1.07842 2.37869 1.02999
 2.07526 1.0807 2.37742 1.03956
 2.07954 1.08301 2.37614 1.04911
 2.0839 1.08537 2.37483 1.05865
 2.08833 1.08778 2.3735 1.06817
 2.09286 1.09023 2.37214 1.07767
 2.09747 1.09273 2.37076 1.08715
 2.10217 1.09528 2.36935 1.0966
 2.10698 1.09788 2.36791 1.10604
 2.11189 1.10054 2.36643 1.11544
 2.11691 1.10327 2.36493 1.12482
 2.12206 1.10606 2.36338 1.13417
 2.12733 1.10892 2.3618 1.14348
 2.13275 1.11186 2.36018 1.15276
 2.13831 1.11488 2.35851 1.16199
 2.14404 1.11799 2.35679 1.17118
 2.14995 1.1212 2.35501 1.18031
 2.15605 1.12451 2.35318 1.18938
 2.16237 1.12794 2.35129 1.19838
 2.16892 1.1315 2.34932 1.20731
 2.17573 1.13521 2.34728 1.21614
 2.18284 1.13907 2.34515 1.22487
 2.19027 1.14311 2.34292 1.23347
 2.19808 1.14736 2.34058 1.24191
 2.20632 1.15184 2.3381 1.25017
 2.21505 1.15659 2.33549 1.2582
 2.22436 1.16166 2.33269 1.26593
 2.23435 1.1671 2.3297 1.27328
 2.24514 1.17298 2.32646 1.28011
 2.2569 1.17939 2.32293 1.28625
 2.26978 1.18641 2.31907 1.29142
 2.2839 1.19411 2.31483 1.29521
 2.2992 1.20246 2.31024 1.2971
 2.3152 1.2112 2.30544 1.29661
 2.33101 1.21984 2.3007 1.29365
 2.34577 1.22791 2.29627 1.28867
 2.35917 1.23524 2.29225 1.28229
 2.37127 1.24186 2.28862 1.27502
 2.38226 1.24788 2.28532 1.26715
 2.39236 1.25341 2.28229 1.25889
 2.40171 1.25854 2.27949 1.25034
 2.41043 1.26332 2.27687 1.24158
 2.41864 1.26782 2.27441 1.23267
 2.4264 1.27207 2.27208 1.22362
 2.43377 1.27612 2.26987 1.21448
 2.44081 1.27998 2.26776 1.20526
 2.44755 1.28368 2.26573 1.19597
 2.45403 1.28724 2.26379 1.18662
 2.46027 1.29066 2.26192 1.17722
 2.46629 1.29397 2.26011 1.16778
 2.47213 1.29718 2.25836 1.1583
 2.47778 1.30029 2.25666 1.14879
 2.48328 1.30331 2.25502 1.13926
 2.48862 1.30624 2.25341 1.12969
 2.49383 1.30911 2.25185 1.12011
 2.49891 1.3119 2.25033 1.1105
 2.50387 1.31463 2.24884 1.10087
 2.50871 1.31729 2.24739 1.09123
 2.51345 1.3199 2.24596 1.08157
 2.5181 1.32246 2.24457 1.0719
 2.52265 1.32496 2.2432 1.06221
 2.52711 1.32742 2.24187 1.05251
 2.5315 1.32983 2.24055 1.0428
 2.5358 1.3322 2.23926 1.03308
 2.54003 1.33453 2.23799 1.02335
 2.54419 1.33682 2.23674 1.01361
 2.54828 1.33908 2.23552 1.00387
 2.5523 1.3413 2.23431 0.99411
 2.55627 1.34348 2.23312 0.984347
 2.56018 1.34563 2.23195 0.974578
 2.56403 1.34776 2.23079 0.964801
 2.56783 1.34985 2.22965 0.955018
 2.57157 1.35192 2.22853 0.945229
 2.57527 1.35395 2.22742 0.935435
 2.57891 1.35597 2.22633 0.925636
 2.58252 1.35795 2.22524 0.915831
 2.58607 1.35992 2.22418 0.906022
 2.58959 1.36185 2.22312 0.896207
 2.59306 1.36377 2.22208 0.886389
 2.5965 1.36567 2.22105 0.876566
 2.59989 1.36754 2.22003 0.866739
 2.60325 1.3694 2.21902 0.856909
 2.60657 1.37123 2.21803 0.847075
 2.60986 1.37304 2.21704 0.837237
 2.61312 1.37484 2.21607 0.827396
 2.61634 1.37662 2.2151 0.817553
 2.61952 1.37838 2.21414 0.807706
 2.62268 1.38013 2.2132 0.797855
 2.62581 1.38185 2.21226 0.788003
 2.62891 1.38357 2.21133 0.778147
 2.63198 1.38526 2.21041 0.768289
 2.63502 1.38694 2.20949 0.758428
 2.63804 1.38861 2.20859 0.748565
 2.64102 1.39026 2.20769 0.738699
 2.64399 1.3919 2.2068 0.728831
 2.64693 1.39353 2.20592 0.718961
 2.64984 1.39514 2.20505 0.709088
 2.65273 1.39674 2.20418 0.699214
 2.6556 1.39832 2.20332 0.689337
 2.65844 1.39989 2.20247 0.679459
 2.66127 1.40146 2.20162 0.669579
 2.66407 1.40301 2.20078 0.659697
 2.66685 1.40454 2.19995 0.649813
 2.6696 1.40607 2.19912 0.639928
 2.67234 1.40759 2.1983 0.630041
 2.67506 1.40909 2.19748 0.620152
 2.67776 1.41059 2.19667 0.610262
 2.68044 1.41207 2.19587 0.60037
 2.6831 1.41354 2.19507 0.590476
 2.68575 1.41501 2.19428 0.580581
 2.68838 1.41646 2.19349 0.570685
 2.69098 1.41791 2.1927 0.560787
 2.69358 1.41934 2.19193 0.550887
 2.69615 1.42077 2.19115 0.540988
 2.69871 1.42218 2.19039 0.531086
 2.70125 1.42359 2.18962 0.521184
 2.70378 1.42499 2.18887 0.51128
 2.70629 1.42638 2.18811 0.501374
 2.70878 1.42777 2.18737 0.491468
 2.71126 1.42914 2.18662 0.481562
 2.71373 1.43051 2.18588 0.471653
 2.71618 1.43187 2.18515 0.461743
 2.71862 1.43322 2.18441 0.451833
 2.72104 1.43456 2.18369 0.441921
 2.72345 1.4359 2.18297 0.432009
 2.72584 1.43722 2.18225 0.422095
 2.72823 1.43855 2.18153 0.412181
 2.7306 1.43986 2.18082 0.402265
 2.73295 1.44117 2.18011 0.392349
 2.7353 1.44247 2.17941 0.382432
 2.73763 1.44376 2.17871 0.372514
 2.73995 1.44505 2.17802 0.362596
 2.74225 1.44633 2.17732 0.352676
 2.74455 1.4476 2.17664 0.342755
 2.74683 1.44887 2.17595 0.332833
 2.7491 1.45013 2.17527 0.322911
 2.75136 1.45138 2.17459 0.312988
 2.75361 1.45263 2.17392 0.303064
 2.75585 1.45387 2.17324 0.29314
 2.75808 1.45511 2.17258 0.283215
 2.76029 1.45634 2.17191 0.273289
 2.7625 1.45756 2.17125 0.263362
 2.7647 1.45878 2.17059 0.253435
 2.76688 1.46 2.16994 0.243506
 2.76906 1.46121 2.16928 0.233578
 2.77122 1.46241 2.16863 0.22365
 2.77338 1.4636 2.16799 0.21372
 2.77552 1.4648 2.16734 0.20379
 2.77766 1.46598 2.1667 0.193859
 2.77979 1.46716 2.16606 0.183928
 2.7819 1.46834 2.16543 0.173996
 2.78401 1.46951 2.1648 0.164062
 2.78611 1.47068 2.16417 0.15413
 2.7882 1.47184 2.16354 0.144195
 2.79028 1.473 2.16292 0.13426
 2.79235 1.47415 2.16229 0.124325
 2.79442 1.4753 2.16167 0.114389
 2.79647 1.47644 2.16106 0.104453
 2.79852 1.47758 2.16044 0.0945165
 2.80056 1.47871 2.15983 0.0845798
 2.80259 1.47984 2.15922 0.074642
 2.80461 1.48096 2.15862 0.0647036
 2.80662 1.48208 2.15801 0.0547651
 2.80863 1.4832 2.15741 0.0448257
 2.81063 1.48431 2.15681 0.0348859
 2.81262 1.48542 2.15621 0.0249462
 2.8146 1.48652 2.15562 0.0150058
 2.81657 1.48762 2.15503 0.00506525
 2.81854 1.48871 2.15444 0
 2.8205 1.4898 2.15385 0.00873422
 2.82273 1.49104 2.15318 0.0186102
 2.82497 1.49229 2.15251 0.0284847
 2.82722 1.49354 2.15184 0.0383579
 2.82948 1.4948 2.15116 0.0482302
 2.83175 1.49606 2.15048 0.0581008
 2.83403 1.49733 2.14979 0.06797
 2.83632 1.49861 2.1491 0.0778381
 2.83863 1.49989 2.14841 0.0877053
 2.84095 1.50118 2.14772 0.0975708
 2.84328 1.50248 2.14702 0.107435
 2.84562 1.50379 2.14631 0.117297
 2.84797 1.5051 2.14561 0.127159
 2.85034 1.50642 2.1449 0.137018
 2.85272 1.50774 2.14418 0.146876
 2.85512 1.50908 2.14346 0.156732
 2.85752 1.51042 2.14274 0.166587
 2.85995 1.51177 2.14202 0.17644
 2.86238 1.51312 2.14129 0.186292
 2.86483 1.51449 2.14055 0.196141
 2.86729 1.51586 2.13981 0.205989
 2.86977 1.51724 2.13907 0.215835
 2.87226 1.51863 2.13832 0.22568
 2.87477 1.52003 2.13757 0.235521
 2.8773 1.52144 2.13681 0.245362
 2.87983 1.52285 2.13605 0.2552
 2.88239 1.52428 2.13528 0.265036
 2.88496 1.52571 2.13451 0.27487
 2.88755 1.52715 2.13374 0.284702
 2.89015 1.52861 2.13295 0.294531
 2.89278 1.53007 2.13217 0.304358
 2.89542 1.53154 2.13138 0.314183
 2.89807 1.53303 2.13058 0.324006
 2.90075 1.53452 2.12978 0.333825
 2.90344 1.53602 2.12897 0.343643
 2.90616 1.53754 2.12815 0.353458
 2.90889 1.53906 2.12733 0.36327
 2.91164 1.5406 2.12651 0.373079
 2.91442 1.54215 2.12567 0.382885
 2.91721 1.54371 2.12484 0.392689
 2.92003 1.54528 2.12399 0.402489
 2.92287 1.54686 2.12314 0.412286
 2.92573 1.54846 2.12228 0.42208
 2.92861 1.55007 2.12142 0.431871
 2.93152 1.5517 2.12055 0.441658
 2.93445 1.55333 2.11967 0.451442
 2.9374 1.55498 2.11878 0.461222
 2.94038 1.55665 2.11789 0.470998
 2.94338 1.55833 2.11698 0.48077
 2.94642 1.56002 2.11608 0.490538
 2.94948 1.56173 2.11516 0.500301
 2.95256 1.56346 2.11423 0.510061
 2.95568 1.5652 2.1133 0.519816
 2.95882 1.56696 2.11235 0.529566
 2.962 1.56873 2.1114 0.539311
 2.9652 1.57053 2.11044 0.549051
 2.96844 1.57234 2.10947 0.558786
 2.97171 1.57417 2.10849 0.568515
 2.97502 1.57602 2.10749 0.578239
 2.97836 1.57789 2.10649 0.587957
 2.98174 1.57978 2.10548 0.597668
 2.98515 1.58169 2.10445 0.607374
 2.9886 1.58362 2.10342 0.617072
 2.99209 1.58557 2.10237 0.626763
 2.99563 1.58755 2.10131 0.636446
 2.99921 1.58956 2.10024 0.646121
 3.00283 1.59158 2.09915 0.655789
 3.00649 1.59364 2.09805 0.665447
 3.01021 1.59572 2.09694 0.675097
 3.01397 1.59783 2.09581 0.684737
 3.01779 1.59997 2.09466 0.694367
 3.02166 1.60213 2.0935 0.703985
 3.02558 1.60433 2.09232 0.713593
 3.02957 1.60657 2.09113 0.723189
 3.03361 1.60884 2.08992 0.732772
 3.03772 1.61114 2.08868 0.742342
 3.0419 1.61348 2.08743 0.751896
 3.04615 1.61586 2.08616 0.761436
 3.05047 1.61829 2.08486 0.770959
 3.05486 1.62075 2.08354 0.780465
 3.05934 1.62327 2.0822 0.789951
 3.06391 1.62583 2.08083 0.799417
 3.06857 1.62844 2.07943 0.808861
 3.07332 1.63111 2.078 0.818282
 3.07818 1.63384 2.07655 0.827676
 3.08314 1.63663 2.07506 0.837041
 3.08823 1.63948 2.07353 0.846376
 3.09343 1.64241 2.07197 0.855676
 3.09877 1.64541 2.07037 0.864939
 3.10426 1.64849 2.06872 0.87416
 3.1099 1.65167 2.06703 0.883335
 3.11572 1.65493 2.06529 0.892458
 3.12171 1.65831 2.06349 0.901522
 3.12791 1.66179 2.06163 0.910519
 3.13433 1.66541 2.0597 0.91944
 3.141 1.66916 2.0577 0.928273
 3.14794 1.67306 2.05562 0.937004
 3.15518 1.67714 2.05345 0.945614
 3.16277 1.68142 2.05117 0.95408
 3.17075 1.68591 2.04877 0.962371
 3.17919 1.69066 2.04624 0.970449
 3.18814 1.69571 2.04356 0.97826
 3.1977 1.7011 2.04069 0.985731
 3.20797 1.7069 2.03761 0.992756
 3.21909 1.71317 2.03427 0.999188
 3.23119 1.72 2.03064 1.00481
 3.2444 1.72746 2.02668 1.0093
 3.25877 1.73558 2.02237 1.01223
 3.27407 1.74423 2.01778 1.01312
 3.28968 1.75306 2.01309 1.01165
 3.30477 1.7616 2.00857 1.00795
 3.31874 1.76951 2.00438 1.00253
 3.33145 1.77671 2.00057 0.995937
 3.343 1.78326 1.9971 0.988561
 3.35357 1.78925 1.99393 0.98066
 3.36333 1.79478 1.991 0.972393
 3.3724 1.79993 1.98828 0.963859
 3.38091 1.80476 1.98573 0.955126
 3.38893 1.80932 1.98332 0.946238
 3.39654 1.81363 1.98104 0.937227
 3.40378 1.81775 1.97887 0.928116
 3.41071 1.82168 1.97679 0.918924
 3.41735 1.82546 1.9748 0.909663
 3.42374 1.82909 1.97288 0.900345
 3.4299 1.83259 1.97103 0.890976
 3.43586 1.83598 1.96924 0.881564
 3.44163 1.83926 1.96751 0.872114
 3.44723 1.84245 1.96583 0.862631
 3.45267 1.84554 1.9642 0.853118
 3.45797 1.84856 1.96261 0.843578
 3.46313 1.8515 1.96106 0.834015
 3.46817 1.85437 1.95955 0.82443
 3.47309 1.85717 1.95807 0.814826
 3.47791 1.85991 1.95663 0.805204
 3.48262 1.86259 1.95522 0.795565
 3.48723 1.86522 1.95383 0.785912
 3.49175 1.8678 1.95247 0.776245
 3.49619 1.87033 1.95114 0.766566
 3.50055 1.87281 1.94984 0.756874
 3.50483 1.87525 1.94855 0.747172
 3.50904 1.87765 1.94729 0.737459
 3.51318 1.88001 1.94605 0.727736
 3.51725 1.88233 1.94483 0.718005
 3.52126 1.88462 1.94362 0.708266
 3.5252 1.88687 1.94244 0.698518
 3.52909 1.88909 1.94127 0.688763
 3.53293 1.89128 1.94012 0.679001
 3.53671 1.89344 1.93899 0.669232
 3.54044 1.89557 1.93787 0.659457
 3.54412 1.89767 1.93676 0.649677
 3.54776 1.89975 1.93567 0.63989
 3.55135 1.9018 1.9346 0.630099
 3.55489 1.90382 1.93353 0.620302
 3.5584 1.90582 1.93248 0.6105
 3.56186 1.9078 1.93144 0.600694
 3.56528 1.90975 1.93041 0.590883
 3.56867 1.91169 1.9294 0.581068
 3.57202 1.9136 1.92839 0.571249
 3.57533 1.9155 1.9274 0.561426
 3.57861 1.91737 1.92642 0.5516
 3.58185 1.91922 1.92544 0.54177
 3.58506 1.92106 1.92448 0.531937
 3.58824 1.92288 1.92353 0.5221
 3.59139 1.92468 1.92258 0.51226
 3.59451 1.92646 1.92165 0.502418
 3.59761 1.92823 1.92072 0.492572
 3.60067 1.92998 1.9198 0.482723
 3.6037 1.93172 1.91889 0.472872
 3.60671 1.93344 1.91799 0.463018
 3.60969 1.93515 1.91709 0.453161
 3.61265 1.93684 1.9162 0.443302
 3.61558 1.93852 1.91533 0.433441
 3.61849 1.94018 1.91445 0.423578
 3.62137 1.94183 1.91359 0.413712
 3.62424 1.94347 1.91273 0.403844
 3.62707 1.94509 1.91188 0.393974
 3.62989 1.94671 1.91103 0.384102
 3.63269 1.94831 1.91019 0.374228
 3.63546 1.9499 1.90936 0.364352
 3.63822 1.95147 1.90854 0.354474
 3.64095 1.95304 1.90772 0.344595
 3.64366 1.95459 1.9069 0.334714
 3.64636 1.95614 1.90609 0.324831
 3.64903 1.95767 1.90529 0.314947
 3.65169 1.95919 1.90449 0.305061
 3.65433 1.96071 1.9037 0.295174
 3.65695 1.96221 1.90291 0.285284
 3.65956 1.9637 1.90213 0.275394
 3.66215 1.96519 1.90136 0.265502
 3.66472 1.96666 1.90059 0.255609
 3.66727 1.96812 1.89982 0.245714
 3.66981 1.96958 1.89906 0.235819
 3.67233 1.97103 1.8983 0.225921
 3.67484 1.97246 1.89755 0.216023
 3.67733 1.97389 1.8968 0.206123
 3.67981 1.97531 1.89606 0.196222
 3.68227 1.97673 1.89532 0.18632
 3.68472 1.97813 1.89459 0.176417
 3.68715 1.97953 1.89385 0.166513
 3.68957 1.98091 1.89313 0.156608
 3.69198 1.98229 1.89241 0.146701
 3.69437 1.98367 1.89169 0.136794
 3.69675 1.98503 1.89098 0.126885
 3.69911 1.98639 1.89027 0.116975
 3.70147 1.98774 1.88956 0.107065
 3.70381 1.98909 1.88886 0.0971534
 3.70614 1.99042 1.88816 0.0872409
 3.70845 1.99175 1.88746 0.0773272
 3.71076 1.99308 1.88677 0.0674132
 3.71305 1.99439 1.88609 0.0574987
 3.71533 1.9957 1.8854 0.0475824
 3.7176 1.997 1.88472 0.037666
 3.71986 1.9983 1.88404 0.0277484
 3.7221 1.99959 1.88337 0.0178302
 3.72434 2.00088 1.8827 0.00791109
 3.72656 2.00215 1.88203 0
 3.72878 2.00343 1.88137 0.00861838
 3.73132 2.00489 1.8806 0.0184496
 3.73388 2.00636 1.87984 0.0282794
 3.73645 2.00784 1.87907 0.0381066
 3.73904 2.00932 1.87829 0.0479317
 3.74165 2.01082 1.87751 0.0577543
 3.74427 2.01233 1.87672 0.067575
 3.74691 2.01385 1.87593 0.0773932
 3.74957 2.01538 1.87513 0.0872084
 3.75225 2.01692 1.87432 0.0970211
 3.75495 2.01847 1.87352 0.106831
 3.75767 2.02003 1.8727 0.116639
 3.7604 2.02161 1.87188 0.126443
 3.76316 2.02319 1.87105 0.136245
 3.76593 2.02479 1.87022 0.146044
 3.76873 2.0264 1.86938 0.155839
 3.77155 2.02802 1.86854 0.165631
 3.77439 2.02965 1.86768 0.175421
 3.77725 2.0313 1.86682 0.185206
 3.78014 2.03296 1.86596 0.194988
 3.78305 2.03464 1.86509 0.204767
 3.78598 2.03633 1.86421 0.214542
 3.78894 2.03803 1.86332 0.224313
 3.79192 2.03975 1.86242 0.23408
 3.79493 2.04148 1.86152 0.243843
 3.79796 2.04323 1.86061 0.253602
 3.80102 2.04499 1.85969 0.263356
 3.80411 2.04677 1.85877 0.273106
 3.80723 2.04857 1.85783 0.28285
 3.81038 2.05038 1.85689 0.29259
 3.81356 2.05221 1.85593 0.302325
 3.81677 2.05406 1.85497 0.312055
 3.82001 2.05593 1.854 0.321779
 3.82328 2.05782 1.85301 0.331497
 3.82659 2.05972 1.85202 0.341209
 3.82994 2.06165 1.85102 0.350915
 3.83332 2.0636 1.85 0.360615
 3.83674 2.06557 1.84898 0.370307
 3.84019 2.06757 1.84794 0.379992
 3.84369 2.06958 1.84689 0.38967
 3.84723 2.07162 1.84583 0.39934
 3.85081 2.07369 1.84476 0.409002
 3.85443 2.07578 1.84367 0.418656
 3.8581 2.0779 1.84257 0.4283
 3.86182 2.08005 1.84145 0.437935
 3.86559 2.08222 1.84032 0.44756
 3.86941 2.08443 1.83918 0.457174
 3.87329 2.08667 1.83801 0.466777
 3.87722 2.08894 1.83683 0.476368
 3.88121 2.09124 1.83564 0.485947
 3.88526 2.09358 1.83442 0.495513
 3.88937 2.09596 1.83319 0.505064
 3.89355 2.09837 1.83193 0.5146
 3.8978 2.10083 1.83066 0.524121
 3.90213 2.10333 1.82936 0.533624
 3.90653 2.10588 1.82804 0.543108
 3.91102 2.10847 1.82669 0.552573
 3.91559 2.11111 1.82532 0.562016
 3.92025 2.11381 1.82392 0.571437
 3.92501 2.11656 1.8225 0.580832
 3.92988 2.11938 1.82104 0.590201
 3.93485 2.12225 1.81955 0.59954
 3.93994 2.1252 1.81802 0.608846
 3.94515 2.12822 1.81645 0.618117
 3.9505 2.13131 1.81485 0.627348
 3.95599 2.13449 1.8132 0.636536
 3.96164 2.13777 1.81151 0.645675
 3.96746 2.14114 1.80976 0.654761
 3.97346 2.14462 1.80796 0.663785
 3.97967 2.14821 1.8061 0.672739
 3.98609 2.15194 1.80417 0.681614
 3.99276 2.1558 1.80217 0.690397
 3.99971 2.15983 1.80009 0.699073
 4.00695 2.16403 1.79791 0.707624
 4.01454 2.16844 1.79564 0.716025
 4.02252 2.17307 1.79324 0.724246
 4.03095 2.17796 1.79072 0.732246
 4.03989 2.18315 1.78803 0.739969
 4.04942 2.18869 1.78517 0.747342
 4.05965 2.19464 1.7821 0.754259
 4.0707 2.20106 1.77879 0.76057
 4.0827 2.20803 1.77519 0.766062
 4.09574 2.21562 1.77128 0.770429
 4.10986 2.22384 1.76704 0.773267
 4.12483 2.23256 1.76255 0.774134
 4.14009 2.24145 1.75797 0.772749
 4.15488 2.25007 1.75354 0.76922
 4.16865 2.2581 1.7494 0.763997
 4.18125 2.26545 1.74562 0.757585
 4.19275 2.27217 1.74218 0.750371
 4.2033 2.27833 1.73901 0.742609
 4.21305 2.28402 1.73609 0.734459
 4.22213 2.28933 1.73336 0.726027
 4.23065 2.29431 1.73081 0.717382
 4.23868 2.299 1.7284 0.708571
 4.2463 2.30346 1.72611 0.69963
 4.25356 2.30771 1.72393 0.690582
 4.2605 2.31177 1.72185 0.681447
 4.26715 2.31566 1.71985 0.672238
 4.27356 2.31941 1.71793 0.662966
 4.27974 2.32303 1.71608 0.653642
 4.28571 2.32653 1.71429 0.64427
 4.29149 2.32991 1.71255 0.634859
 4.2971 2.3332 1.71087 0.625411
 4.30256 2.3364 1.70923 0.615931
 4.30787 2.33951 1.70764 0.606424
 4.31304 2.34254 1.70609 0.596891
 4.31809 2.3455 1.70457 0.587335
 4.32302 2.3484 1.70309 0.577757
 4.32785 2.35123 1.70165 0.568161
 4.33257 2.354 1.70023 0.558547
 4.33719 2.35671 1.69884 0.548918
 4.34172 2.35937 1.69748 0.539274
 4.34617 2.36198 1.69615 0.529615
 4.35054 2.36454 1.69484 0.519945
 4.35483 2.36706 1.69355 0.510262
 4.35904 2.36953 1.69229 0.500569
 4.36319 2.37197 1.69104 0.490865
 4.36727 2.37436 1.68982 0.481151
 4.37128 2.37672 1.68862 0.471429
 4.37524 2.37905 1.68743 0.461697
 4.37913 2.38134 1.68626 0.451959
 4.38298 2.38359 1.68511 0.442213
 4.38676 2.38582 1.68397 0.43246
 4.3905 2.38802 1.68285 0.422699
 4.39419 2.39018 1.68174 0.412934
 4.39783 2.39232 1.68065 0.403162
 4.40143 2.39444 1.67957 0.393383
 4.40498 2.39653 1.67851 0.383599
 4.40849 2.39859 1.67745 0.37381
 4.41195 2.40063 1.67641 0.364017
 4.41538 2.40265 1.67539 0.354219
 4.41877 2.40464 1.67437 0.344416
 4.42213 2.40661 1.67336 0.334609
 4.42544 2.40857 1.67237 0.324799
 4.42873 2.4105 1.67138 0.314984
 4.43197 2.41241 1.67041 0.305165
 4.43519 2.4143 1.66944 0.295343
 4.43838 2.41618 1.66849 0.285517
 4.44153 2.41804 1.66754 0.275688
 4.44465 2.41988 1.6666 0.265855
 4.44775 2.4217 1.66568 0.256018
 4.45082 2.42351 1.66476 0.24618
 4.45385 2.4253 1.66384 0.236339
 4.45687 2.42707 1.66294 0.226495
 4.45985 2.42883 1.66204 0.216648
 4.46281 2.43057 1.66116 0.206798
 4.46575 2.4323 1.66028 0.196946
 4.46866 2.43402 1.6594 0.187091
 4.47155 2.43572 1.65854 0.177234
 4.47441 2.43741 1.65768 0.167375
 4.47726 2.43909 1.65682 0.157513
 4.48008 2.44075 1.65598 0.14765
 4.48287 2.4424 1.65514 0.137785
 4.48565 2.44404 1.6543 0.127917
 4.48841 2.44566 1.65348 0.118048
 4.49115 2.44728 1.65266 0.108176
 4.49386 2.44888 1.65184 0.0983031
 4.49656 2.45047 1.65103 0.0884278
 4.49924 2.45205 1.65023 0.0785516
 4.5019 2.45362 1.64943 0.0686722
 4.50454 2.45518 1.64864 0.0587912
 4.50717 2.45673 1.64785 0.0489099
 4.50978 2.45827 1.64707 0.0390261
 4.51237 2.4598 1.64629 0.0291412
 4.51494 2.46132 1.64552 0.0192545
 4.5175 2.46283 1.64475 0.00936746
 4.52004 2.46433 1.64399 0
 4.52256 2.46582 1.64323 0.00849159
 4.52549 2.46755 1.64235 0.0182598
 4.52844 2.46929 1.64147 0.0280237
 4.53142 2.47105 1.64057 0.0377843
 4.53442 2.47282 1.63967 0.0475394
 4.53745 2.47461 1.63876 0.0572914
 4.54051 2.47642 1.63785 0.0670379
 4.54359 2.47824 1.63692 0.0767794
 4.5467 2.48008 1.63599 0.0865164
 4.54984 2.48193 1.63505 0.0962492
 4.55302 2.48381 1.63409 0.105977
 4.55622 2.4857 1.63313 0.115698
 4.55945 2.48761 1.63216 0.125415
 4.56272 2.48955 1.63118 0.135124
 4.56602 2.4915 1.63019 0.144828
 4.56936 2.49347 1.62919 0.154526
 4.57273 2.49546 1.62818 0.164216
 4.57614 2.49748 1.62716 0.1739
 4.57959 2.49952 1.62612 0.183577
 4.58308 2.50158 1.62508 0.193246
 4.58661 2.50367 1.62402 0.202908
 4.59018 2.50579 1.62295 0.21256
 4.59379 2.50792 1.62186 0.222203
 4.59745 2.51009 1.62076 0.231838
 4.60116 2.51229 1.61965 0.241462
 4.60492 2.51451 1.61852 0.251077
 4.60873 2.51677 1.61738 0.260681
 4.61259 2.51905 1.61622 0.270274
 4.6165 2.52137 1.61505 0.279854
 4.62048 2.52373 1.61386 0.289422
 4.62452 2.52612 1.61265 0.298975
 4.62861 2.52855 1.61142 0.308515
 4.63278 2.53102 1.61017 0.31804
 4.63701 2.53353 1.6089 0.327547
 4.64132 2.53608 1.6076 0.337038
 4.64571 2.53868 1.60629 0.34651
 4.65017 2.54133 1.60495 0.355962
 4.65472 2.54402 1.60358 0.365392
 4.65936 2.54678 1.60219 0.374799
 4.66409 2.54958 1.60077 0.384181
 4.66893 2.55245 1.59932 0.393535
 4.67387 2.55539 1.59784 0.402859
 4.67893 2.55839 1.59632 0.41215
 4.68411 2.56146 1.59477 0.421406
 4.68942 2.56462 1.59317 0.430622
 4.69488 2.56786 1.59154 0.439794
 4.70048 2.57119 1.58986 0.448918
 4.70625 2.57461 1.58812 0.457988
 4.7122 2.57815 1.58634 0.466996
 4.71835 2.5818 1.5845 0.475935
 4.72471 2.58558 1.58259 0.484795
 4.73131 2.58951 1.58061 0.493564
 4.73817 2.59359 1.57855 0.502228
 4.74532 2.59784 1.5764 0.510768
 4.7528 2.60229 1.57416 0.519162
 4.76065 2.60696 1.5718 0.527381
 4.76893 2.61189 1.56932 0.535385
 4.77769 2.61711 1.56669 0.543125
 4.78701 2.62266 1.5639 0.55053
 4.79698 2.6286 1.5609 0.557507
 4.80772 2.635 1.55768 0.563921
 4.81932 2.64192 1.5542 0.569582
 4.83191 2.64943 1.55043 0.574224
 4.84552 2.65755 1.54634 0.577487
 4.86001 2.6662 1.542 0.578959
 4.87496 2.67513 1.53751 0.578312
 4.88969 2.68394 1.53309 0.575523
 4.90361 2.69226 1.52892 0.570925
 4.91645 2.69994 1.52506 0.564995
 4.92821 2.70698 1.52154 0.558142
 4.939 2.71344 1.5183 0.550655
 4.94897 2.71941 1.51531 0.542721
 4.95824 2.72496 1.51253 0.534462
 4.96692 2.73017 1.50992 0.525958
 4.97511 2.73507 1.50747 0.517267
 4.98286 2.73972 1.50514 0.508428
 4.99023 2.74414 1.50293 0.499469
 4.99728 2.74837 1.50082 0.490411
 5.00403 2.75242 1.49879 0.481271
 5.01052 2.75631 1.49684 0.472062
 5.01678 2.76007 1.49497 0.462793
 5.02282 2.7637 1.49315 0.453473
 5.02867 2.76721 1.4914 0.444108
 5.03435 2.77062 1.4897 0.434703
 5.03986 2.77393 1.48804 0.425264
 5.04522 2.77715 1.48643 0.415794
 5.05045 2.78029 1.48487 0.406296
 5.05554 2.78336 1.48334 0.396772
 5.06052 2.78635 1.48184 0.387225
 5.06539 2.78927 1.48038 0.377658
 5.07015 2.79214 1.47896 0.368072
 5.07481 2.79494 1.47756 0.358468
 5.07937 2.79769 1.47619 0.348849
 5.08385 2.80038 1.47484 0.339215
 5.08825 2.80303 1.47352 0.329567
 5.09257 2.80563 1.47223 0.319906
 5.09682 2.80818 1.47096 0.310234
 5.10099 2.81069 1.4697 0.30055
 5.10509 2.81317 1.46847 0.290856
 5.10914 2.8156 1.46726 0.281152
 5.11311 2.818 1.46607 0.271439
 5.11704 2.82036 1.46489 0.261718
 5.1209 2.82269 1.46373 0.251988
 5.12471 2.82498 1.46259 0.242251
 5.12847 2.82725 1.46146 0.232508
 5.13218 2.82948 1.46035 0.222756
 5.13584 2.83169 1.45925 0.212999
 5.13945 2.83386 1.45816 0.203235
 5.14302 2.83602 1.45709 0.193465
 5.14655 2.83814 1.45604 0.18369
 5.15003 2.84024 1.45499 0.173909
 5.15348 2.84232 1.45396 0.164123
 5.15688 2.84438 1.45293 0.154332
 5.16025 2.84641 1.45192 0.144537
 5.16358 2.84842 1.45092 0.134738
 5.16688 2.85041 1.44994 0.124934
 5.17015 2.85238 1.44896 0.115126
 5.17338 2.85433 1.44799 0.105315
 5.17657 2.85626 1.44703 0.0955003
 5.17974 2.85817 1.44608 0.0856812
 5.18288 2.86006 1.44514 0.0758595
 5.18599 2.86194 1.4442 0.0660333
 5.18906 2.8638 1.44328 0.056204
 5.19211 2.86564 1.44237 0.0463724
 5.19514 2.86746 1.44146 0.0365381
 5.19814 2.86927 1.44056 0.0267002
 5.20111 2.87107 1.43967 0.0168596
 5.20405 2.87285 1.43878 0.00701692
 5.20698 2.87461 1.43791 0
 5.20987 2.87636 1.43704 0.00835253
 5.21327 2.87842 1.43602 0.0180305
 5.2167 2.88049 1.43499 0.0277006
 5.22017 2.88259 1.43395 0.037363
 5.22368 2.88471 1.43289 0.0470175
 5.22724 2.88686 1.43183 0.0566639
 5.23084 2.88903 1.43075 0.0663014
 5.23448 2.89124 1.42966 0.0759293
 5.23817 2.89347 1.42855 0.0855477
 5.2419 2.89573 1.42743 0.0951551
 5.24569 2.89802 1.42629 0.104752
 5.24953 2.90034 1.42514 0.114338
 5.25343 2.9027 1.42397 0.123912
 5.25738 2.90509 1.42279 0.133472
 5.26139 2.90752 1.42158 0.143019
 5.26546 2.90998 1.42036 0.152551
 5.2696 2.91248 1.41912 0.162068
 5.2738 2.91503 1.41786 0.171569
 5.27808 2.91762 1.41658 0.181052
 5.28243 2.92025 1.41527 0.190516
 5.28686 2.92294 1.41394 0.199961
 5.29137 2.92567 1.41259 0.209384
 5.29597 2.92846 1.41121 0.218784
 5.30067 2.9313 1.4098 0.228158
 5.30546 2.93421 1.40836 0.237506
 5.31035 2.93718 1.40689 0.246824
 5.31536 2.94021 1.40539 0.256109
 5.32049 2.94332 1.40385 0.265359
 5.32574 2.94651 1.40228 0.27457
 5.33113 2.94977 1.40066 0.283738
 5.33667 2.95313 1.399 0.292858
 5.34236 2.95659 1.39729 0.301926
 5.34823 2.96015 1.39553 0.310934
 5.35428 2.96383 1.39371 0.319875
 5.36055 2.96763 1.39184 0.328739
 5.36703 2.97157 1.38989 0.337515
 5.37377 2.97566 1.38787 0.346191
 5.38078 2.97992 1.38577 0.354748
 5.3881 2.98437 1.38357 0.363167
 5.39577 2.98903 1.38127 0.371421
 5.40383 2.99393 1.37885 0.379475
 5.41234 2.99911 1.3763 0.387284
 5.42137 3.0046 1.37359 0.394788
 5.431 3.01046 1.3707 0.401904
 5.44132 3.01674 1.3676 0.408519
 5.45244 3.02351 1.36427 0.414473
 5.46446 3.03083 1.36066 0.419542
 5.47745 3.03875 1.35677 0.423422
 5.49136 3.04723 1.35259 0.425736
 5.50592 3.05611 1.34822 0.426118
 5.5206 3.06507 1.34382 0.424391
 5.53476 3.07372 1.33957 0.420716
 5.54799 3.0818 1.3356 0.4155
 5.56017 3.08924 1.33195 0.409176
 5.57136 3.09608 1.32859 0.402081
 5.58168 3.10239 1.3255 0.394443
 5.59126 3.10825 1.32262 0.386415
 5.60021 3.11373 1.31994 0.378097
 5.60863 3.11888 1.31741 0.369557
 5.61658 3.12375 1.31503 0.360845
 5.62414 3.12838 1.31276 0.351993
 5.63134 3.13279 1.3106 0.343029
 5.63824 3.13702 1.30853 0.33397
 5.64486 3.14107 1.30654 0.324833
 5.65123 3.14498 1.30463 0.315629
 5.65739 3.14875 1.30278 0.306366
 5.66334 3.1524 1.301 0.297054
 5.6691 3.15594 1.29927 0.287698
 5.6747 3.15937 1.29759 0.278303
 5.68014 3.16271 1.29596 0.268873
 5.68544 3.16596 1.29437 0.259413
 5.6906 3.16913 1.29282 0.249925
 5.69564 3.17222 1.29131 0.240412
 5.70057 3.17525 1.28983 0.230876
 5.70538 3.17821 1.28839 0.221319
 5.7101 3.1811 1.28697 0.211743
 5.71472 3.18394 1.28559 0.202149
 5.71924 3.18672 1.28423 0.19254
 5.72369 3.18945 1.28289 0.182915
 5.72805 3.19213 1.28159 0.173277
 5.73233 3.19476 1.2803 0.163625
 5.73655 3.19735 1.27904 0.153962
 5.74069 3.1999 1.27779 0.144287
 5.74477 3.20241 1.27657 0.134602
 5.74878 3.20487 1.27537 0.124907
 5.75273 3.20731 1.27418 0.115203
 5.75663 3.2097 1.27301 0.10549
 5.76047 3.21206 1.27186 0.0957691
 5.76426 3.2144 1.27072 0.0860398
 5.76799 3.21669 1.2696 0.0763032
 5.77168 3.21896 1.2685 0.0665598
 5.77532 3.2212 1.2674 0.05681
 5.77892 3.22342 1.26633 0.0470536
 5.78247 3.2256 1.26526 0.0372914
 5.78598 3.22776 1.26421 0.0275239
 5.78944 3.2299 1.26317 0.0177503
 5.79287 3.23201 1.26214 0.00797187
 5.79626 3.2341 1.26112 0
 5.79962 3.23616 1.26012 0.00819089
 5.80358 3.23861 1.25893 0.0177369
 5.80761 3.24109 1.25772 0.0272691
 5.8117 3.24361 1.25649 0.036786
 5.81585 3.24617 1.25524 0.0462876
 5.82008 3.24877 1.25398 0.055772
 5.82437 3.25142 1.25269 0.0652382
 5.82874 3.25411 1.25138 0.0746851
 5.83319 3.25686 1.25004 0.0841108
 5.83773 3.25965 1.24868 0.0935139
 5.84235 3.26251 1.24729 0.102892
 5.84707 3.26542 1.24588 0.112245
 5.85188 3.26839 1.24443 0.121569
 5.85681 3.27143 1.24296 0.130862
 5.86184 3.27453 1.24145 0.140121
 5.867 3.27772 1.2399 0.149343
 5.87228 3.28098 1.23831 0.158525
 5.87771 3.28433 1.23669 0.167661
 5.88328 3.28777 1.23502 0.176747
 5.88902 3.29131 1.2333 0.185778
 5.89493 3.29496 1.23152 0.194745
 5.90103 3.29873 1.22969 0.203642
 5.90733 3.30263 1.2278 0.212458
 5.91387 3.30668 1.22584 0.221181
 5.92067 3.31088 1.2238 0.229798
 5.92774 3.31525 1.22168 0.23829
 5.93513 3.31982 1.21946 0.246635
 5.94288 3.32462 1.21714 0.254804
 5.95102 3.32966 1.21469 0.26276
 5.95963 3.33499 1.21211 0.270455
 5.96876 3.34064 1.20937 0.277823
 5.9785 3.34668 1.20645 0.284777
 5.98894 3.35315 1.20332 0.291194
 6.00019 3.36011 1.19994 0.296904
 6.01232 3.36764 1.1963 0.301672
 6.02538 3.37574 1.19238 0.305187
 6.03929 3.38438 1.18821 0.307082
 6.05373 3.39334 1.18388 0.307037
 6.06814 3.40229 1.17956 0.304945
 6.08197 3.41089 1.17541 0.301016
 6.09488 3.41891 1.17154 0.295652
 6.10678 3.42632 1.16797 0.289255
 6.11774 3.43314 1.16468 0.282129
 6.12787 3.43945 1.16164 0.274486
 6.13731 3.44532 1.15881 0.266466
 6.14614 3.45082 1.15616 0.258162
 6.15446 3.456 1.15366 0.249641
 6.16233 3.46091 1.1513 0.240948
 6.16982 3.46558 1.14905 0.232117
 6.17696 3.47003 1.14691 0.223173
 6.18381 3.4743 1.14486 0.214135
 6.19038 3.4784 1.14289 0.205018
 6.19672 3.48235 1.14098 0.195833
 6.20283 3.48617 1.13915 0.18659
 6.20875 3.48986 1.13737 0.177296
 6.21449 3.49344 1.13565 0.167957
 6.22006 3.49692 1.13398 0.158579
 6.22548 3.5003 1.13236 0.149165
 6.23075 3.5036 1.13077 0.13972
 6.2359 3.50681 1.12923 0.130246
 6.24092 3.50995 1.12772 0.120747
 6.24583 3.51302 1.12625 0.111225
 6.25063 3.51602 1.12481 0.101682
 6.25533 3.51895 1.1234 0.0921185
 6.25993 3.52183 1.12202 0.0825378
 6.26445 3.52466 1.12067 0.07294
 6.26888 3.52743 1.11934 0.0633275
 6.27323 3.53015 1.11803 0.0537009
 6.2775 3.53282 1.11675 0.0440606
 6.28171 3.53545 1.11549 0.0344085
 6.28584 3.53804 1.11425 0.0247445
 6.28991 3.54058 1.11303 0.0150703
 6.29391 3.54309 1.11183 0.00538547
 6.29786 3.54556 1.11064 0
 6.30175 3.54799 1.10948 0.00800277
 6.30639 3.5509 1.10808 0.0173634
 6.31113 3.55387 1.10666 0.0266966
 6.31596 3.5569 1.10521 0.0360002
 6.32091 3.55999 1.10373 0.0452721
 6.32597 3.56316 1.10221 0.0545086
 6.33115 3.56641 1.10065 0.0637061
 6.33646 3.56974 1.09906 0.0728613
 6.34191 3.57316 1.09743 0.0819695
 6.34752 3.57667 1.09575 0.0910255
 6.35328 3.58028 1.09402 0.100023
 6.35923 3.58401 1.09223 0.108956
 6.36536 3.58786 1.09039 0.117814
 6.37171 3.59184 1.08849 0.126589
 6.3783 3.59597 1.08651 0.135266
 6.38514 3.60027 1.08446 0.143832
 6.39226 3.60474 1.08232 0.152266
 6.39971 3.60942 1.08009 0.160546
 6.40752 3.61432 1.07774 0.168641
 6.41573 3.61948 1.07528 0.176511
 6.42442 3.62494 1.07267 0.184106
 6.43363 3.63073 1.06991 0.191357
 6.44346 3.63691 1.06696 0.198169
 6.454 3.64354 1.0638 0.204414
 6.46533 3.65067 1.0604 0.209914
 6.47754 3.65836 1.05674 0.214425
 6.49065 3.66661 1.0528 0.217634
 6.50453 3.67536 1.04864 0.219188
 6.51883 3.68437 1.04435 0.218807
 6.53302 3.69331 1.04009 0.216441
 6.54658 3.70187 1.03603 0.212327
 6.55923 3.70985 1.03223 0.206859
 6.57091 3.71723 1.02873 0.200411
 6.58169 3.72403 1.02549 0.193268
 6.59169 3.73035 1.02249 0.185624
 6.60101 3.73624 1.0197 0.177613
 6.60975 3.74176 1.01708 0.169324
 6.61799 3.74697 1.0146 0.160819
 6.62579 3.75191 1.01226 0.152144
 6.63322 3.75661 1.01003 0.143332
 6.64032 3.7611 1.0079 0.134406
 6.64712 3.7654 1.00586 0.125386
 6.65366 3.76954 1.0039 0.116287
 6.65997 3.77353 1.00201 0.107118
 6.66605 3.77739 1.00018 0.097891
 6.67195 3.78112 0.998416 0.0886127
 6.67766 3.78474 0.996702 0.079289
 6.68321 3.78826 0.995037 0.0699254
 6.68861 3.79168 0.993417 0.0605261
 6.69387 3.79501 0.99184 0.051095
 6.699 3.79826 0.990301 0.0416345
 6.704 3.80144 0.988799 0.0321485
 6.7089 3.80454 0.987331 0.0226382
 6.71369 3.80758 0.985894 0.0131064
 6.71837 3.81055 0.984488 0.0035545
 6.72297 3.81347 0.983109 0
 6.72747 3.81633 0.981758 0.00777837
 6.7329 3.81977 0.98013 0.0168798
 6.73847 3.82331 0.978458 0.02593
 6.74421 3.82695 0.976738 0.0349219
 6.75012 3.8307 0.974965 0.0438483
 6.75622 3.83457 0.973135 0.0527017
 6.76252 3.83858 0.971243 0.0614713
 6.76906 3.84273 0.969283 0.070145
 6.77584 3.84704 0.967247 0.0787081
 6.78291 3.85153 0.965127 0.0871422
 6.79029 3.85622 0.962914 0.0954248
 6.79802 3.86114 0.960595 0.103526
 6.80614 3.86631 0.958158 0.111409
 6.81471 3.87176 0.955586 0.119024
 6.8238 3.87754 0.952859 0.126306
 6.83348 3.88371 0.949955 0.133168
 6.84384 3.8903 0.946849 0.139487
 6.85496 3.89738 0.943512 0.1451
 6.86693 3.90501 0.939922 0.149779
 6.87977 3.91319 0.93607 0.153233
 6.89339 3.92188 0.931984 0.155124
 6.9075 3.93089 0.92775 0.155157
 6.92162 3.9399 0.923514 0.153229
 6.93523 3.94859 0.919432 0.149515
 6.94799 3.95674 0.915602 0.144373
 6.95982 3.9643 0.912054 0.138179
 6.97075 3.97129 0.908775 0.131232
 6.98088 3.97777 0.905736 0.123742
 6.99032 3.98381 0.902903 0.115853
 6.99917 3.98947 0.900249 0.107663
 7.00751 3.9948 0.897748 0.0992419
 7.0154 3.99986 0.89538 0.0906375
 7.02291 4.00467 0.893127 0.0818858
 7.03008 4.00926 0.890977 0.0730129
 7.03694 4.01366 0.888918 0.0640396
 7.04354 4.01788 0.886939 0.0549817
 7.04989 4.02196 0.885032 0.0458508
 7.05603 4.02589 0.883192 0.0366574
 7.06196 4.0297 0.881411 0.0274094
 7.06772 4.03339 0.879685 0.0181141
 7.07331 4.03697 0.878008 0.00877661
 7.07874 4.04046 0.876378 0
 7.08403 4.04385 0.874791 0.00748459
 7.09045 4.04797 0.872866 0.01619
 7.0971 4.05224 0.87087 0.0247911
 7.10402 4.05668 0.868794 0.0332716
 7.11123 4.06131 0.86663 0.0416107
 7.11877 4.06616 0.864368 0.0497824
 7.12668 4.07124 0.861995 0.0577537
 7.13501 4.07659 0.859496 0.0654813
 7.14382 4.08225 0.856854 0.0729089
 7.15317 4.08826 0.854049 0.0799611
 7.16315 4.09468 0.851056 0.0865351
 7.17383 4.10155 0.847851 0.0924908
 7.18531 4.10894 0.844407 0.0976372
 7.19764 4.11688 0.840708 0.10172
 7.21079 4.12535 0.836762 0.104428
 7.2246 4.13425 0.832621 0.105438
 7.23866 4.14331 0.828401 0.104538
 7.25248 4.15223 0.824254 0.101758
 7.26563 4.16071 0.82031 0.0973688
 7.27789 4.16862 0.816632 0.0917432
 7.28924 4.17595 0.813227 0.085217
 7.29975 4.18274 0.810074 0.078042
 7.30953 4.18906 0.807141 0.0703941
 7.31867 4.19496 0.804399 0.0623935
 7.32726 4.20052 0.801822 0.054123
 7.33538 4.20577 0.799387 0.0456421
 7.34308 4.21075 0.797076 0.036993
 7.35042 4.2155 0.794873 0.0282074
 7.35744 4.22004 0.792767 0.0193091
 7.36418 4.2244 0.790746 0.0103156
 7.37066 4.2286 0.788802 0.00124195
 7.37691 4.23264 0.786927 0
 7.38295 4.23656 0.785115 0.00716462
 7.39031 4.24132 0.782907 0.015407
 7.39802 4.24631 0.780595 0.0234659
 7.40611 4.25156 0.778166 0.0313034
 7.41465 4.2571 0.775605 0.0388705
 7.42369 4.26296 0.772892 0.0461022
 7.43331 4.2692 0.770007 0.0529115
 7.44359 4.27586 0.766924 0.05918
 7.4546 4.28301 0.76362 0.0647464
 7.46643 4.29069 0.760071 0.069394
 7.47909 4.29891 0.756273 0.0728439
 7.4925 4.30763 0.75225 0.0747773
 7.50639 4.31665 0.748083 0.0749144
 7.52031 4.32571 0.743907 0.0731473
 7.53378 4.33447 0.739866 0.0696224
 7.54647 4.34273 0.736059 0.0646679
 7.55826 4.35041 0.732521 0.0586421
 7.56919 4.35752 0.729243 0.0518387
 7.57933 4.36413 0.7262 0.044471
 7.5888 4.3703 0.723361 0.0366863
 7.59767 4.37608 0.7207 0.0285867
 7.60603 4.38153 0.718191 0.0202435
 7.61395 4.3867 0.715816 0.011708
 7.62148 4.39161 0.713556 0.0030173
 7.62867 4.3963 0.711399 0
 7.63556 4.4008 0.709332 0.00676942
 7.64396 4.40628 0.706812 0.0143951
 7.65285 4.41208 0.704146 0.0217035
 7.66228 4.41825 0.701315 0.0286146
 7.67235 4.42482 0.698296 0.0350199
 7.68312 4.43186 0.695064 0.0407722
 7.69468 4.43942 0.691596 0.0456732
 7.70706 4.44752 0.687882 0.0494648
 7.72021 4.45612 0.683936 0.0518403
 7.73393 4.4651 0.679822 0.0525044
 7.74781 4.47419 0.675657 0.051292
 7.76138 4.48308 0.671587 0.0482744
 7.77426 4.49152 0.667723 0.0437346
 7.78627 4.4994 0.664118 0.0380271
 7.79742 4.5067 0.660775 0.0314642
 7.80776 4.51349 0.657672 0.024279
 7.8174 4.51982 0.654781 0.0166357
 7.82643 4.52574 0.652072 0.00864815
 7.83492 4.53132 0.649523 0.000395641
 7.84296 4.5366 0.647111 0
 7.8506 4.54162 0.644819 0.00636684
 7.85991 4.54773 0.642028 0.0133464
 7.86982 4.55425 0.639055 0.0198444
 7.88041 4.56122 0.635876 0.025723
 7.89177 4.56869 0.632468 0.030797
 7.90394 4.57669 0.628818 0.0348239
 7.91689 4.58521 0.624934 0.037509
 7.93044 4.59414 0.620866 0.0385528
 7.94426 4.60324 0.616722 0.0377557
 7.95787 4.61221 0.612639 0.0351342
 7.97087 4.62078 0.608739 0.0309289
 7.98304 4.62881 0.605088 0.0254836
 7.99435 4.63627 0.601696 0.0191204
 8.00484 4.64319 0.598548 0.0120877
 8.01461 4.64965 0.595616 0.00456297
 8.02376 4.65569 0.592871 0
 8.03237 4.66137 0.59029 0.0058061
 8.04276 4.66824 0.587173 0.0118453
 8.05388 4.67559 0.583835 0.0171351
 8.0658 4.68347 0.58026 0.02145
 8.07851 4.69188 0.576448 0.0245108
 8.09188 4.70072 0.572437 0.0260162
 8.10561 4.70981 0.568318 0.0257316
 8.11926 4.71886 0.564221 0.0236082
 8.13241 4.72757 0.560276 0.0198295
 8.14479 4.73577 0.556563 0.0147193
 8.15631 4.74341 0.553108 0.00860979
 8.167 4.7505 0.5499 0.0017684
 8.17695 4.7571 0.546914 0
 8.18626 4.76328 0.544123 0.00532386
 8.19738 4.77066 0.540784 0.0105718
 8.2093 4.77857 0.53721 0.0148399
 8.22199 4.78701 0.533403 0.0178502
 8.23533 4.79587 0.529402 0.0193061
 8.24902 4.80497 0.525295 0.01898
 8.26262 4.81402 0.521214 0.0168295
 8.27571 4.82273 0.517286 0.0130392
 8.28804 4.83094 0.513588 0.00792978
 8.29952 4.83858 0.510145 0.00182742
 8.31018 4.84568 0.506945 0
 8.32011 4.8523 0.503967 0.00484169
 8.33184 4.86012 0.500447 0.00931159
 8.34435 4.86846 0.496694 0.0125863
 8.35754 4.87726 0.492737 0.014371
 8.37115 4.88634 0.488655 0.0144183
 8.38476 4.89543 0.484571 0.0126422
 8.39795 4.90423 0.480613 0.00918183
 8.41042 4.91256 0.476873 0.00433688
 8.42206 4.92034 0.473383 0
 8.43287 4.92757 0.470139 0.0041013
 8.44534 4.9359 0.466399 0.00740202
 8.45848 4.9447 0.462456 0.00922592
 8.47205 4.95378 0.458386 0.00932566
 8.48563 4.96288 0.45431 0.00761035
 8.49881 4.9717 0.450356 0.00421109
 8.51128 4.98006 0.446615 0
 8.52293 4.98787 0.443122 0.00326805
 8.53595 4.9966 0.439215 0.00534308
 8.54945 5.00565 0.435165 0.00573203
 8.56304 5.01477 0.431089 0.00431286
 8.57628 5.02367 0.427115 0.00118046
 8.58886 5.03212 0.423341 0
 8.60063 5.04002 0.419811 0.00307848
 8.61372 5.04882 0.415882 0.00490286
 8.62724 5.05791 0.411828 0.00501626
 8.64078 5.06702 0.407767 0.00332815
 8.65391 5.07586 0.403826 0
 8.66636 5.08424 0.400093 0.0022044
 8.67976 5.09326 0.396072 0.00287441
 8.69332 5.1024 0.392005 0.0017539
 8.7066 5.11135 0.388018 0
 8.71928 5.1199 0.384217 0.00182262
 8.73274 5.12898 0.380177 0.00202801
 8.74625 5.1381 0.376124 0.000440626
 8.75939 5.14697 0.372182 0
 8.77185 5.15538 0.368444 0.00208051
 8.78525 5.16443 0.364426 0.00261306
 8.79876 5.17356 0.360371 0.00136071
 8.81198 5.1825 0.356405 0
 8.82457 5.19102 0.352628 0.00184722
 8.838 5.2001 0.348601 0.00209875
 8.85148 5.20923 0.344556 0.000566745
 8.8646 5.21811 0.34062 0
 8.87706 5.22655 0.336882 0.00198677
 8.89044 5.23562 0.332869 0.00241955
 8.90391 5.24475 0.328826 0.00107479
 8.91708 5.25368 0.324877 0
 8.9296 5.26218 0.32112 0.00184604
 8.94299 5.27126 0.317103 0.00211247
 8.95644 5.2804 0.313069 0.000604507
 8.96953 5.28929 0.30914 0
 8.98198 5.29775 0.305407 0.00191384
 8.99533 5.30683 0.3014 0.00227288
 9.00877 5.31597 0.297369 0.00086248
 9.02188 5.32488 0.293436 0
 9.03435 5.33337 0.289695 0.00182817
 9.04771 5.34246 0.285688 0.00208911
 9.06112 5.3516 0.281664 0.000584529
 9.07419 5.3605 0.277744 0
 9.0866 5.36897 0.274019 0.00185463
 9.09994 5.37806 0.270019 0.00215676
 9.11333 5.3872 0.265999 0.000698166
 9.1264 5.39611 0.262081 0
 9.13882 5.40459 0.258353 0.00180028
 9.15215 5.41369 0.254356 0.00204295
 9.16552 5.42283 0.250343 0.00052917
 9.17855 5.43174 0.246434 0
 9.19094 5.44021 0.242717 0.00180409
 9.20425 5.44931 0.238725 0.00205973
 9.21761 5.45845 0.234716 0.000563214
 9.23063 5.46736 0.230811 0
 9.24301 5.47584 0.227096 0.00176689
 9.25631 5.48495 0.223107 0.00198438
 9.26965 5.49409 0.219105 0.00045412
 9.28264 5.503 0.215207 0
 9.295 5.51147 0.2115 0.00175857
 9.30828 5.52058 0.207516 0.00197396
 9.3216 5.52972 0.203519 0.000446014
 9.33458 5.53863 0.199625 0
 9.34692 5.54711 0.195922 0.00173047
 9.36019 5.55623 0.191942 0.00191875
 9.3735 5.56537 0.187951 0.000368076
 9.38645 5.57428 0.184064 0
 9.39877 5.58276 0.180368 0.00171626
 9.41202 5.59187 0.176393 0.00189498
 9.42531 5.60102 0.172406 0.000339226
 9.43825 5.60993 0.168525 0
 9.45056 5.61841 0.164833 0.00169275
 9.46379 5.62753 0.160861 0.00184996
 9.47706 5.63668 0.156881 0.000276996
 9.48998 5.64559 0.153005 0
 9.50227 5.65406 0.14932 0.00167591
 9.51549 5.66319 0.145353 0.00182006
 9.52874 5.67234 0.141377 0.000238514
 9.54164 5.68125 0.137508 0
 9.55391 5.68973 0.133827 0.00165469
 9.56712 5.69886 0.129864 0.00178015
 9.58035 5.70801 0.125894 0.000184245
 9.59323 5.71692 0.12203 0
 9.60548 5.7254 0.118354 0.00163674
 9.61868 5.73453 0.114396 0.00174767
 9.6319 5.74368 0.110431 0.000141636
 9.64476 5.75259 0.106573 0
 9.65699 5.76107 0.102903 0.00161668
 9.67017 5.77021 0.0989487 0.00171039
 9.68337 5.77936 0.0949893 9.13677e-005
 9.69621 5.78827 0.0911366 0
 9.70843 5.79675 0.0874719 0.00159834
 9.72159 5.80589 0.083522 0.00167687
 9.73477 5.81504 0.0795681 4.70783e-005
 9.7476 5.82395 0.0757211 0
 9.75979 5.83243 0.0720616 0.00157904
 9.77295 5.84158 0.068116 0.00164114
 9.78611 5.85073 0.0641675 0
 9.79891 5.85964 0.0603263 0.000639627
 9.81211 5.86883 0.0563683 0
 9.82507 5.87785 0.0524796 0.000266074
 9.83823 5.88702 0.0485303 0
 9.85108 5.89598 0.0446745 0.000484619
 9.86425 5.90516 0.0407234 0
 9.87716 5.91416 0.0368513 0.000338343
 9.89032 5.92334 0.0329051 0
 9.90318 5.93232 0.0290473 0.00041398
 9.91633 5.9415 0.0251022 0
 9.9292 5.95049 0.0212401 0.000355628
 9.94234 5.95967 0.0172985 0
 9.95519 5.96865 0.0134435 0.000377426
 9.96832 5.97783 0.00950391 0
 9.98117 5.98682 0.00564926 0.00035178
 9.99429 5.996 0.00171278 0
